     1   1   1 2.0 3.690170000 4.336078000 19.350543000 # P1
     2   1   1 2.0 1.051206000 8.130722000 38.951191000 # P1
     3   1   1 2.0 -2.571230000 10.569477000 19.350543000 # P1
     4   1   1 2.0 -5.210195000 1.897322000 38.951191000 # P1
     5   1   1 2.0 3.742183000 10.523724000 19.274885000 # P1
     6   1   1 2.0 1.103218000 1.943075000 38.875532000 # P1
     7   1   1 2.0 -2.519217000 4.290324000 19.274885000 # P1
     8   1   1 2.0 -5.158182000 8.176475000 38.875532000 # P1
     9   1   2 -1.0 3.837268000 4.705220000 16.201503000 # I1
    10   1   2 -1.0 1.198303000 7.761580000 35.802150000 # I1
    11   1   2 -1.0 3.540051000 4.040490000 22.531337000 # I1
    12   1   2 -1.0 -2.721350000 10.273890000 22.531337000 # I1
    13   1   2 -1.0 6.849967000 3.685809000 19.472067000 # I1
    14   1   2 -1.0 4.211002000 8.780990000 39.072714000 # I1
    15   1   2 -1.0 0.588566000 9.919209000 19.472067000 # I1
    16   1   2 -1.0 -2.050398000 2.547590000 39.072714000 # I1
    17   1   2 -1.0 0.583298000 4.954680000 19.137288000 # I1
    18   1   2 -1.0 -2.055666000 7.512119000 38.737936000 # I1
    19   1   2 -1.0 6.844699000 11.188080000 19.137288000 # I1
    20   1   2 -1.0 4.205734000 1.278720000 38.737936000 # I1
    21   1   2 -1.0 4.377029000 7.425974000 19.484612000 # I1
    22   1   2 -1.0 1.738064000 5.040826000 39.085259000 # I1
    23   1   2 -1.0 -1.884371000 1.192574000 19.484612000 # I1
    24   1   2 -1.0 -4.523336000 11.274226000 39.085259000 # I1
    25   1   2 -1.0 3.069900000 1.195192000 19.177666000 # I1
    26   1   2 -1.0 0.430935000 11.271608000 38.778313000 # I1
    27   1   2 -1.0 4.140705000 10.666220000 22.416475000 # I1
    28   1   2 -1.0 -2.120695000 4.432820000 22.416475000 # I1
    29   1   2 -1.0 3.423370000 10.401924000 16.098404000 # I1
    30   1   2 -1.0 0.784405000 2.064876000 35.699051000 # I1
    31   1   2 -1.0 0.901086000 8.426310000 42.131984000 # I1
    32   1   2 -1.0 -3.191501000 7.428592000 19.177666000 # I1
    33   1   2 -1.0 -2.424133000 10.938620000 16.201503000 # I1
    34   1   2 -1.0 -5.063097000 1.528180000 35.802150000 # I1
    35   1   2 -1.0 -5.830466000 5.038208000 38.778313000 # I1
    36   1   2 -1.0 -5.360315000 2.192910000 42.131984000 # I1
    37   1   2 -1.0 1.501741000 1.800580000 42.017123000 # I1
    38   1   2 -1.0 -2.838031000 4.168524000 16.098404000 # I1
    39   1   2 -1.0 -5.476996000 8.298276000 35.699051000 # I1
    40   1   2 -1.0 -4.759660000 8.033980000 42.017123000 # I1
    41   1   3 0.016775 6.904357000 8.214375000 21.909604000 # N1
    42   1   3 0.016775 9.543321000 4.252425000 2.308956000 # N1
    43   1   3 0.016775 0.642956000 1.980975000 21.909604000 # N1
    44   1   3 0.016775 3.281921000 10.485825000 2.308956000 # N1
    45   1   3 0.016775 5.865223000 1.225486000 21.944886000 # N1
    46   1   3 0.016775 8.504188000 11.241313000 2.344239000 # N1
    47   1   3 0.016775 -0.396177000 7.458886000 21.944886000 # N1
    48   1   3 0.016775 2.242788000 5.007913000 2.344239000 # N1
    49   1   3 0.016775 6.873603000 6.464035000 16.715432000 # N1
    50   1   3 0.016775 4.234639000 6.002764000 36.316080000 # N1
    51   1   3 0.016775 0.612203000 0.230635000 16.715432000 # N1
    52   1   3 0.016775 1.401926000 7.518727000 16.746793000 # N1
    53   1   3 0.016775 -1.237039000 4.948073000 36.347440000 # N1
    54   1   3 0.016775 7.663326000 1.285327000 16.746793000 # N1
    55   1   3 0.016775 -2.026762000 -0.230635000 36.316080000 # N1
    56   1   3 0.016775 5.024361000 -1.285327000 36.347440000 # N1
    57   1   4 -0.414098 6.256253000 8.062280000 24.528250000 # O1
    58   1   4 -0.414098 8.895218000 4.404520000 4.927603000 # O1
    59   1   4 -0.414098 -0.005147000 1.828880000 24.528250000 # O1
    60   1   4 -0.414098 2.633818000 10.637920000 4.927603000 # O1
    61   1   4 -0.414098 6.505663000 2.166730000 24.461608000 # O1
    62   1   4 -0.414098 9.144628000 10.300070000 4.860961000 # O1
    63   1   4 -0.414098 0.244263000 8.400130000 24.461608000 # O1
    64   1   4 -0.414098 2.883228000 4.066670000 4.860961000 # O1
    65   1   4 -0.414098 7.744210000 7.044989000 14.155587000 # O1
    66   1   4 -0.414098 5.105245000 5.421811000 33.756234000 # O1
    67   1   4 -0.414098 1.482810000 0.811589000 14.155587000 # O1
    68   1   4 -0.414098 1.114773000 6.860480000 14.135987000 # O1
    69   1   4 -0.414098 -1.524191000 5.606320000 33.736634000 # O1
    70   1   4 -0.414098 7.376174000 0.627080000 14.135987000 # O1
    71   1   4 -0.414098 4.737209000 -0.627080000 33.736634000 # O1
    72   1   4 -0.414098 -1.156155000 -0.811589000 33.756234000 # O1
    73   1   5 0.245956 5.409771000 8.363976000 25.578844000 # C1
    74   1   5 0.245956 8.048736000 4.102824000 5.978196000 # C1
    75   1   5 0.245956 -0.851629000 2.130576000 25.578844000 # C1
    76   1   5 0.245956 1.787336000 10.336224000 5.978196000 # C1
    77   1   6 -0.042618 5.682296000 9.649303000 26.159023000 # C10
    78   1   6 -0.042618 8.321261000 2.817497000 6.558376000 # C10
    79   1   6 -0.042618 -0.579104000 3.415903000 26.159023000 # C10
    80   1   6 -0.042618 2.059861000 9.050897000 6.558376000 # C10
    81   1   7 -0.084827 6.710942000 10.497045000 25.680768000 # C9
    82   1   7 -0.084827 9.349907000 1.969754000 6.080120000 # C9
    83   1   7 -0.084827 0.449542000 4.263646000 25.680768000 # C9
    84   1   7 -0.084827 3.088507000 8.203154000 6.080120000 # C9
    85   1   8 -0.084815 6.838327000 11.718792000 26.315829000 # C8
    86   1   8 -0.084815 9.477292000 0.748008000 6.715182000 # C8
    87   1   8 -0.084815 0.576927000 5.485392000 26.315829000 # C8
    88   1   8 -0.084815 3.215892000 6.981408000 6.715182000 # C8
    89   1   9 -0.018651 6.092090000 12.092796000 27.393866000 # C7
    90   1   9 -0.018651 8.731055000 0.374004000 7.793218000 # C7
    91   1   9 -0.018651 -0.169310000 5.859396000 27.393866000 # C7
    92   1   9 -0.018651 2.469655000 6.607404000 7.793218000 # C7
    93   1  10 -0.18538 5.103123000 11.344788000 27.856441000 # C6
    94   1  10 -0.18538 7.742088000 1.122012000 8.255793000 # C6
    95   1  10 -0.18538 -1.158277000 5.111388000 27.856441000 # C6
    96   1  10 -0.18538 1.480688000 7.355412000 8.255793000 # C6
    97   1  11 0.172352 4.882801000 10.023307000 27.260580000 # C5
    98   1  11 0.172352 7.521766000 2.443492000 7.659933000 # C5
    99   1  11 0.172352 -1.378600000 3.789907000 27.260580000 # C5
   100   1  11 0.172352 1.260365000 8.676892000 7.659933000 # C5
   101   1  12 -0.218838 3.891723000 9.163098000 27.738836000 # C4
   102   1  12 -0.218838 6.530688000 3.303702000 8.138189000 # C4
   103   1  12 -0.218838 -2.369678000 2.929698000 27.738836000 # C4
   104   1  12 -0.218838 0.269287000 9.537102000 8.138189000 # C4
   105   1  13 -0.070293 3.660460000 7.978752000 27.131216000 # C3
   106   1  13 -0.070293 6.299425000 4.488048000 7.530568000 # C3
   107   1  13 -0.070293 -2.600940000 1.745352000 27.131216000 # C3
   108   1  13 -0.070293 0.038025000 10.721448000 7.530568000 # C3
   109   1  14 -0.103146 4.444266000 7.604748000 26.053181000 # C2
   110   1  14 -0.103146 7.083231000 4.862052000 6.452534000 # C2
   111   1  14 -0.103146 -1.817134000 1.371348000 26.053181000 # C2
   112   1  14 -0.103146 0.821831000 11.095452000 6.452534000 # C2
   113   1  15 0.347581 5.899989000 6.956475000 23.705024000 # C11
   114   1  15 0.347581 8.538954000 5.510325000 4.104377000 # C11
   115   1  15 0.347581 -0.361411000 0.723075000 23.705024000 # C11
   116   1  15 0.347581 2.277554000 11.743725000 4.104377000 # C11
   117   1  16 -0.101407 6.935834000 6.906607000 22.615227000 # C12
   118   1  16 -0.101407 9.574799000 5.560192000 3.014580000 # C12
   119   1  16 -0.101407 0.674434000 0.673207000 22.615227000 # C12
   120   1  16 -0.101407 3.313399000 11.793592000 3.014580000 # C12
   121   1   5 0.245956 6.656678000 3.211448000 25.339716000 # C1
   122   1   5 0.245956 9.295643000 9.255352000 5.739069000 # C1
   123   1   5 0.245956 0.395278000 9.444848000 25.339716000 # C1
   124   1   5 0.245956 3.034243000 3.021952000 5.739069000 # C1
   125   1  14 -0.103146 7.720444000 3.951976000 25.437719000 # C2
   126   1  14 -0.103146 10.359409000 8.514824000 5.837072000 # C2
   127   1  14 -0.103146 1.459043000 10.185375000 25.437719000 # C2
   128   1  14 -0.103146 4.098008000 2.281424000 5.837072000 # C2
   129   1  13 -0.070293 7.791643000 5.024120000 26.304069000 # C3
   130   1  13 -0.070293 10.430608000 7.442679000 6.703422000 # C3
   131   1  13 -0.070293 1.530243000 11.257520000 26.304069000 # C3
   132   1  13 -0.070293 4.169208000 1.209280000 6.703422000 # C3
   133   1  12 -0.218838 6.784827000 5.186189000 27.178258000 # C4
   134   1  12 -0.218838 9.423792000 7.280611000 7.577611000 # C4
   135   1  12 -0.218838 0.523426000 11.419589000 27.178258000 # C4
   136   1  12 -0.218838 3.162391000 1.047211000 7.577611000 # C4
   137   1  11 0.172352 5.631146000 4.413247000 27.190018000 # C5
   138   1  11 0.172352 8.270111000 8.053553000 7.589371000 # C5
   139   1  11 0.172352 -0.630255000 10.646647000 27.190018000 # C5
   140   1  11 0.172352 2.008710000 1.820153000 7.589371000 # C5
   141   1  10 -0.18538 4.530480000 4.537915000 28.017165000 # C6
   142   1  10 -0.18538 7.169445000 7.928885000 8.416517000 # C6
   143   1  10 -0.18538 -1.730920000 10.771315000 28.017165000 # C6
   144   1  10 -0.18538 0.908045000 1.695485000 8.416517000 # C6
   145   1   9 -0.018651 3.482787000 3.889642000 27.985805000 # C7
   146   1   9 -0.018651 6.121752000 8.577158000 8.385158000 # C7
   147   1   9 -0.018651 -2.778613000 10.123041000 27.985805000 # C7
   148   1   9 -0.018651 -0.139648000 2.343758000 8.385158000 # C7
   149   1   8 -0.084815 3.339762000 2.780096000 27.001851000 # C8
   150   1   8 -0.084815 5.978727000 9.686703000 7.401204000 # C8
   151   1   8 -0.084815 -2.921639000 9.013496000 27.001851000 # C8
   152   1   8 -0.084815 -0.282674000 3.453303000 7.401204000 # C8
   153   1   7 -0.084827 4.390864000 2.568161000 26.170783000 # C9
   154   1   7 -0.084827 7.029829000 9.898639000 6.570136000 # C9
   155   1   7 -0.084827 -1.870536000 8.801561000 26.170783000 # C9
   156   1   7 -0.084827 0.768429000 3.665239000 6.570136000 # C9
   157   1   6 -0.042618 5.527800000 3.316169000 26.190385000 # C10
   158   1   6 -0.042618 8.166765000 9.150631000 6.589738000 # C10
   159   1   6 -0.042618 -0.733601000 9.549569000 26.190385000 # C10
   160   1   6 -0.042618 1.905364000 2.917231000 6.589738000 # C10
   161   1  15 0.347581 7.510057000 1.994688000 23.465894000 # C11
   162   1  15 0.347581 10.149022000 10.472112000 3.865246000 # C11
   163   1  15 0.347581 1.248657000 8.228088000 23.465894000 # C11
   164   1  15 0.347581 3.887622000 4.238712000 3.865246000 # C11
   165   1  16 -0.101407 7.123148000 0.922543000 22.619148000 # C12
   166   1  16 -0.101407 9.762113000 11.544257000 3.018501000 # C12
   167   1  16 -0.101407 0.861748000 7.155943000 22.619148000 # C12
   168   1  16 -0.101407 3.500713000 5.310857000 3.018501000 # C12
   169   1   5 0.245956 8.759730000 7.143476000 13.253957000 # C1
   170   1   5 0.245956 6.120765000 5.323323000 32.854605000 # C1
   171   1   5 0.245956 2.498330000 0.910077000 13.253957000 # C1
   172   1  14 -0.103146 9.590074000 8.215621000 13.132434000 # C2
   173   1  14 -0.103146 6.951109000 4.251179000 32.733081000 # C2
   174   1  14 -0.103146 3.328673000 1.982221000 13.132434000 # C2
   175   1  13 -0.070293 10.584128000 8.128354000 12.073999000 # C3
   176   1  13 -0.070293 7.945163000 4.338446000 31.674646000 # C3
   177   1  13 -0.070293 4.322728000 1.894954000 12.073999000 # C3
   178   1  12 -0.218838 10.678747000 7.068675000 11.278212000 # C4
   179   1  12 -0.218838 8.039782000 5.398125000 30.878860000 # C4
   180   1  12 -0.218838 4.417347000 0.835275000 11.278212000 # C4
   181   1  11 0.172352 9.859871000 5.984064000 11.407577000 # C5
   182   1  11 0.172352 7.220906000 6.482736000 31.008224000 # C5
   183   1  11 0.172352 0.959506000 0.249336000 31.008224000 # C5
   184   1   6 -0.042618 8.825225000 5.984064000 12.395449000 # C10
   185   1   6 -0.042618 6.186261000 6.482736000 31.996096000 # C10
   186   1   6 -0.042618 -0.075140000 0.249336000 31.996096000 # C10
   187   1   7 -0.084827 7.996465000 4.862052000 12.505213000 # C9
   188   1   7 -0.084827 5.357500000 7.604748000 32.105861000 # C9
   189   1   7 -0.084827 -0.903900000 1.371348000 32.105861000 # C9
   190   1   8 -0.084815 8.130236000 3.752507000 11.697667000 # C8
   191   1   8 -0.084815 5.491271000 8.714293000 31.298314000 # C8
   192   1   8 -0.084815 -0.770129000 2.480893000 31.298314000 # C8
   193   1   9 -0.018651 9.170687000 3.777440000 10.666672000 # C7
   194   1   9 -0.018651 6.531722000 8.689359000 30.267320000 # C7
   195   1   9 -0.018651 0.270322000 2.455960000 30.267320000 # C7
   196   1  10 -0.18538 9.932083000 4.862052000 10.592190000 # C6
   197   1  10 -0.18538 7.293118000 7.604748000 30.192838000 # C6
   198   1  10 -0.18538 1.031718000 1.371348000 30.192838000 # C6
   199   1  15 0.347581 7.668945000 8.115887000 15.123860000 # C11
   200   1  15 0.347581 5.029980000 4.350913000 34.724507000 # C11
   201   1  15 0.347581 1.407544000 1.882487000 15.123860000 # C11
   202   1  16 -0.101407 6.500977000 7.679549000 16.013728000 # C12
   203   1  16 -0.101407 3.862012000 4.787251000 35.614376000 # C12
   204   1  16 -0.101407 0.239577000 1.446149000 16.013728000 # C12
   205   1   5 0.245956 1.378283000 5.934197000 13.108913000 # C1
   206   1   5 0.245956 -1.260682000 6.532603000 32.709560000 # C1
   207   1   5 0.245956 5.000718000 0.299203000 32.709560000 # C1
   208   1  14 -0.103146 0.491325000 4.999187000 12.720820000 # C2
   209   1  14 -0.103146 -2.147640000 7.467613000 32.321467000 # C2
   210   1  14 -0.103146 4.113760000 1.234213000 32.321467000 # C2
   211   1  13 -0.070293 0.875984000 4.201312000 11.631024000 # C3
   212   1  13 -0.070293 -1.762981000 8.265488000 31.231672000 # C3
   213   1  13 -0.070293 4.498420000 2.032088000 31.231672000 # C3
   214   1  12 -0.218838 2.037920000 4.375847000 10.999884000 # C4
   215   1  12 -0.218838 -0.601045000 8.090953000 30.600531000 # C4
   216   1  12 -0.218838 5.660355000 1.857553000 30.600531000 # C4
   217   1  11 0.172352 2.924351000 5.236056000 11.391896000 # C5
   218   1  11 0.172352 0.285386000 7.230744000 30.992544000 # C5
   219   1  11 0.172352 6.546786000 0.997344000 30.992544000 # C5
   220   1  10 -0.18538 4.218231000 5.423058000 10.803876000 # C6
   221   1  10 -0.18538 1.579266000 7.043742000 30.404524000 # C6
   222   1  10 -0.18538 7.840667000 0.810342000 30.404524000 # C6
   223   1   9 -0.018651 5.094634000 6.345601000 11.270372000 # C7
   224   1   9 -0.018651 2.455669000 6.121199000 30.871019000 # C7
   225   1   8 -0.084815 4.799745000 7.193344000 12.344488000 # C8
   226   1   8 -0.084815 2.160780000 5.273456000 31.945135000 # C8
   227   1   7 -0.084827 3.571645000 7.081142000 12.908986000 # C9
   228   1   7 -0.084827 0.932680000 5.385657000 32.509633000 # C9
   229   1   7 -0.084827 9.833045000 0.847743000 12.908986000 # C9
   230   1   6 -0.042618 2.625239000 6.196000000 12.497373000 # C10
   231   1   6 -0.042618 -0.013725000 6.270800000 32.098020000 # C10
   232   1   6 -0.042618 6.247675000 0.037400000 32.098020000 # C10
   233   1  15 0.347581 0.034403000 6.532603000 14.998416000 # C11
   234   1  15 0.347581 -2.604562000 5.934197000 34.599063000 # C11
   235   1  15 0.347581 6.295804000 0.299203000 14.998416000 # C11
   236   1  16 -0.101407 0.057190000 7.579814000 16.131333000 # C12
   237   1  16 -0.101407 -2.581775000 4.886986000 35.731980000 # C12
   238   1  16 -0.101407 6.318591000 1.346414000 16.131333000 # C12
   239   1   6 -0.042618 2.563825000 -0.249336000 12.395449000 # C10
   240   1  11 0.172352 3.598471000 -0.249336000 11.407577000 # C5
   241   1  12 -0.218838 1.778382000 -0.835275000 30.878860000 # C4
   242   1   5 0.245956 -0.140635000 -0.910077000 32.854605000 # C1
   243   1   5 0.245956 7.639683000 -0.299203000 13.108913000 # C1
   244   1   9 -0.018651 8.717069000 -0.112201000 30.871019000 # C7
   245   1   6 -0.042618 8.886640000 -0.037400000 12.497373000 # C10
   246   1   8 -0.084815 11.061145000 0.959944000 12.344488000 # C8
   247   1   7 -0.084827 7.194080000 -0.847743000 32.509633000 # C9
   248   1  16 -0.101407 -2.399388000 -1.446149000 35.614376000 # C12
   249   1   7 -0.084827 1.735065000 -1.371348000 12.505213000 # C9
   250   1  10 -0.18538 3.670683000 -1.371348000 10.592190000 # C6
   251   1  13 -0.070293 1.683763000 -1.894954000 31.674646000 # C3
   252   1  14 -0.103146 0.689708000 -1.982221000 32.733081000 # C2
   253   1  14 -0.103146 6.752725000 -1.234213000 12.720820000 # C2
   254   1  15 0.347581 3.656839000 -0.299203000 34.599063000 # C11
   255   1   8 -0.084815 8.422180000 -0.959944000 31.945135000 # C8
   256   1  11 0.172352 9.185751000 -0.997344000 11.391896000 # C5
   257   1   9 -0.018651 11.356034000 0.112201000 11.270372000 # C7
   258   1  15 0.347581 -1.231420000 -1.882487000 34.724507000 # C11
   259   1   8 -0.084815 1.868835000 -2.480893000 11.697667000 # C8
   260   1   9 -0.018651 2.909287000 -2.455960000 10.666672000 # C7
   261   1  13 -0.070293 7.137384000 -2.032088000 11.631024000 # C3
   262   1  16 -0.101407 3.679626000 -1.346414000 35.731980000 # C12
   263   1  12 -0.218838 8.299320000 -1.857553000 10.999884000 # C4
   264   1  10 -0.18538 10.479632000 -0.810342000 10.803876000 # C6
   265   1  17 0.177422 7.590940000 8.264254000 21.343105000 # H1
   266   1  17 0.177422 10.229905000 4.202546000 1.742457000 # H1
   267   1  17 0.177422 1.329539000 2.030854000 21.343105000 # H1
   268   1  17 0.177422 3.968504000 10.435946000 1.742457000 # H1
   269   1  17 0.177422 6.961999000 8.873918000 22.502838000 # H1
   270   1  17 0.177422 9.600964000 3.592882000 2.902190000 # H1
   271   1  17 0.177422 0.700598000 2.640518000 22.502838000 # H1
   272   1  17 0.177422 3.339563000 9.826282000 2.902190000 # H1
   273   1  17 0.177422 6.142121000 8.288278000 21.455417000 # H1
   274   1  17 0.177422 8.781085000 4.178522000 1.854770000 # H1
   275   1  17 0.177422 -0.119280000 2.054878000 21.455417000 # H1
   276   1  17 0.177422 2.519685000 10.411922000 1.854770000 # H1
   277   1  18 0.107468 7.261290000 10.244156000 24.977537000 # H8
   278   1  18 0.107468 9.900255000 2.222643000 5.376889000 # H8
   279   1  18 0.107468 0.999890000 4.010756000 24.977537000 # H8
   280   1  18 0.107468 3.638855000 8.456043000 5.376889000 # H8
   281   1  19 0.106833 7.462953000 12.313795000 25.991124000 # H7
   282   1  19 0.106833 10.101917000 0.153005000 6.390476000 # H7
   283   1  19 0.106833 1.201552000 6.080395000 25.991124000 # H7
   284   1  19 0.106833 3.840517000 6.386405000 6.390476000 # H7
   285   1  20 0.105208 0.020333000 6.659253000 27.817081000 # H6
   286   1  20 0.105208 2.659298000 5.807547000 8.216434000 # H6
   287   1  21 0.125501 4.567436000 11.653254000 28.548344000 # H5
   288   1  21 0.125501 7.206401000 0.813546000 8.947697000 # H5
   289   1  21 0.125501 -1.693964000 5.419854000 28.548344000 # H5
   290   1  21 0.125501 0.945001000 7.046946000 8.947697000 # H5
   291   1  22 0.146409 3.382600000 9.410352000 28.480289000 # H4
   292   1  22 0.146409 6.021565000 3.056448000 8.879641000 # H4
   293   1  22 0.146409 -2.878800000 3.176952000 28.480289000 # H4
   294   1  22 0.146409 -0.239835000 9.289848000 8.879641000 # H4
   295   1  23 0.109594 2.973740000 7.424316000 27.434398000 # H3
   296   1  23 0.109594 5.612705000 5.042484000 7.833751000 # H3
   297   1  23 0.109594 -3.287660000 1.190916000 27.434398000 # H3
   298   1  23 0.109594 -0.648695000 11.275884000 7.833751000 # H3
   299   1  24 0.106676 4.277437000 6.777015000 25.647838000 # H2
   300   1  24 0.106676 6.916402000 5.689785000 6.047191000 # H2
   301   1  24 0.106676 -1.983963000 0.543615000 25.647838000 # H2
   302   1  24 0.106676 0.655002000 11.923185000 6.047191000 # H2
   303   1  25 0.004178 5.018393000 7.080457000 23.327045000 # H9
   304   1  25 0.004178 7.657358000 5.386343000 3.726398000 # H9
   305   1  25 0.004178 -1.243007000 0.847057000 23.327045000 # H9
   306   1  25 0.004178 1.395958000 11.619743000 3.726398000 # H9
   307   1  25 0.004178 5.908511000 6.132892000 24.218677000 # H9
   308   1  25 0.004178 8.547476000 6.333907000 4.618029000 # H9
   309   1  26 0.096549 7.817205000 6.748141000 22.994970000 # H10
   310   1  26 0.096549 10.456170000 5.718659000 3.394323000 # H10
   311   1  26 0.096549 1.555805000 0.514741000 22.994970000 # H10
   312   1  26 0.096549 4.194770000 11.952058000 3.394323000 # H10
   313   1  26 0.096549 6.738437000 6.182623000 21.996982000 # H10
   314   1  26 0.096549 9.377402000 6.284177000 2.396335000 # H10
   315   1  17 0.177422 6.019096000 1.772018000 21.260745000 # H1
   316   1  17 0.177422 8.658061000 10.694781000 1.660097000 # H1
   317   1  17 0.177422 -0.242305000 8.005418000 21.260745000 # H1
   318   1  17 0.177422 2.396660000 4.461381000 1.660097000 # H1
   319   1  17 0.177422 5.307900000 1.618091000 22.518832000 # H1
   320   1  17 0.177422 7.946865000 10.848709000 2.918184000 # H1
   321   1  17 0.177422 -0.953501000 7.851491000 22.518832000 # H1
   322   1  17 0.177422 1.685464000 4.615309000 2.918184000 # H1
   323   1  17 0.177422 5.501695000 0.470397000 21.648484000 # H1
   324   1  17 0.177422 8.140660000 11.996402000 2.047836000 # H1
   325   1  17 0.177422 -0.759705000 6.703797000 21.648484000 # H1
   326   1  17 0.177422 1.879259000 5.763003000 2.047836000 # H1
   327   1  24 0.106676 8.460706000 3.749303000 24.905956000 # H2
   328   1  24 0.106676 11.099671000 8.717497000 5.305308000 # H2
   329   1  24 0.106676 2.199306000 9.982703000 24.905956000 # H2
   330   1  24 0.106676 4.838271000 2.484097000 5.305308000 # H2
   331   1  23 0.109594 8.509433000 5.617752000 26.284664000 # H3
   332   1  23 0.109594 11.148398000 6.849048000 6.684016000 # H3
   333   1  23 0.109594 2.248033000 11.851152000 26.284664000 # H3
   334   1  23 0.109594 4.886998000 0.615648000 6.684016000 # H3
   335   1  22 0.146409 6.867207000 5.852128000 27.819630000 # H4
   336   1  22 0.146409 9.506171000 6.614672000 8.218983000 # H4
   337   1  22 0.146409 0.605806000 12.085528000 27.819630000 # H4
   338   1  22 0.146409 3.244771000 0.381272000 8.218983000 # H4
   339   1  21 0.125501 4.578033000 5.190801000 28.672963000 # H5
   340   1  21 0.125501 7.216998000 7.275998000 9.072316000 # H5
   341   1  21 0.125501 -1.683367000 11.424201000 28.672963000 # H5
   342   1  21 0.125501 0.955598000 1.042598000 9.072316000 # H5
   343   1  20 0.105208 2.795022000 4.082815000 28.574021000 # H6
   344   1  20 0.105208 5.433987000 8.383985000 8.973373000 # H6
   345   1  20 0.105208 -3.466379000 10.316215000 28.574021000 # H6
   346   1  20 0.105208 -0.827414000 2.150585000 8.973373000 # H6
   347   1  19 0.106833 2.571904000 2.268396000 26.957281000 # H7
   348   1  19 0.106833 5.210869000 10.198403000 7.356633000 # H7
   349   1  18 0.107468 4.323257000 1.869484000 25.555952000 # H8
   350   1  18 0.107468 6.962222000 10.597316000 5.955305000 # H8
   351   1  18 0.107468 -1.938144000 8.102884000 25.555952000 # H8
   352   1  18 0.107468 0.700821000 4.363916000 5.955305000 # H8
   353   1  25 0.004178 7.614974000 2.809468000 22.948557000 # H9
   354   1  25 0.004178 10.253939000 9.657332000 3.347909000 # H9
   355   1  25 0.004178 1.353574000 9.042868000 22.948557000 # H9
   356   1  25 0.004178 3.992539000 3.423932000 3.347909000 # H9
   357   1  25 0.004178 8.364402000 1.788712000 23.882761000 # H9
   358   1  25 0.004178 11.003367000 10.678088000 4.282113000 # H9
   359   1  25 0.004178 2.103002000 8.022111000 23.882761000 # H9
   360   1  25 0.004178 4.741967000 4.444688000 4.282113000 # H9
   361   1  26 0.096549 7.015759000 0.120005000 23.144247000 # H10
   362   1  26 0.096549 9.654724000 12.346794000 3.543600000 # H10
   363   1  26 0.096549 0.754359000 6.353405000 23.144247000 # H10
   364   1  26 0.096549 3.393323000 6.113394000 3.543600000 # H10
   365   1  26 0.096549 7.807789000 0.769812000 21.955272000 # H10
   366   1  26 0.096549 10.446754000 11.696987000 2.354625000 # H10
   367   1  26 0.096549 1.546389000 7.003212000 21.955272000 # H10
   368   1  26 0.096549 4.185354000 5.463587000 2.354625000 # H10
   369   1  17 0.177422 7.423630000 5.983765000 16.209069000 # H1
   370   1  17 0.177422 4.784665000 6.483035000 35.809716000 # H1
   371   1  17 0.177422 -1.476735000 0.249635000 35.809716000 # H1
   372   1  17 0.177422 6.142659000 5.988352000 16.895601000 # H1
   373   1  17 0.177422 3.503694000 6.478447000 36.496249000 # H1
   374   1  17 0.177422 -2.757706000 0.245047000 36.496249000 # H1
   375   1  17 0.177422 7.282176000 6.676569000 17.478838000 # H1
   376   1  17 0.177422 4.643212000 5.790230000 37.079486000 # H1
   377   1  17 0.177422 1.020776000 0.443169000 17.478838000 # H1
   378   1  24 0.106676 9.514004000 8.965998000 13.686270000 # H2
   379   1  24 0.106676 6.875040000 3.500802000 33.286917000 # H2
   380   1  24 0.106676 3.252604000 2.732598000 13.686270000 # H2
   381   1  23 0.109594 4.924178000 2.598717000 11.953416000 # H3
   382   1  22 0.146409 5.060736000 0.838417000 10.603283000 # H4
   383   1  18 0.107468 7.334730000 4.860020000 13.155406000 # H8
   384   1  18 0.107468 4.695765000 7.606780000 32.756053000 # H8
   385   1  18 0.107468 -1.565635000 1.373380000 32.756053000 # H8
   386   1  19 0.106833 7.572613000 3.007964000 11.800688000 # H7
   387   1  19 0.106833 4.933648000 9.458835000 31.401335000 # H7
   388   1  19 0.106833 -1.327752000 3.225435000 31.401335000 # H7
   389   1  20 0.105208 9.292528000 3.061971000 10.085396000 # H6
   390   1  20 0.105208 6.653563000 9.404829000 29.686043000 # H6
   391   1  20 0.105208 0.392163000 3.171429000 29.686043000 # H6
   392   1  21 0.125501 10.574512000 4.866989000 9.922906000 # H5
   393   1  21 0.125501 7.935547000 7.599811000 29.523554000 # H5
   394   1  21 0.125501 1.674146000 1.366411000 29.523554000 # H5
   395   1  25 0.004178 7.476219000 8.963766000 14.695821000 # H9
   396   1  25 0.004178 4.837254000 3.503033000 34.296468000 # H9
   397   1  25 0.004178 1.214818000 2.730366000 14.695821000 # H9
   398   1  25 0.004178 8.486007000 8.189603000 15.633750000 # H9
   399   1  25 0.004178 5.847043000 4.277197000 35.234398000 # H9
   400   1  25 0.004178 2.224607000 1.956203000 15.633750000 # H9
   401   1  26 0.096549 6.292096000 8.375994000 16.652827000 # H10
   402   1  26 0.096549 3.653131000 4.090806000 36.253475000 # H10
   403   1  26 0.096549 0.030695000 2.142594000 16.652827000 # H10
   404   1  26 0.096549 5.713593000 7.513665000 15.472123000 # H10
   405   1  26 0.096549 3.074628000 4.953135000 35.072771000 # H10
   406   1  26 0.096549 -0.547807000 1.280265000 15.472123000 # H10
   407   1  17 0.177422 1.937556000 7.006416000 16.249799000 # H1
   408   1  17 0.177422 -0.701409000 5.460384000 35.850446000 # H1
   409   1  17 0.177422 8.198956000 0.773016000 16.249799000 # H1
   410   1  17 0.177422 1.345924000 7.175915000 17.566413000 # H1
   411   1  17 0.177422 -1.293041000 5.290885000 37.167061000 # H1
   412   1  17 0.177422 7.607324000 0.942515000 17.566413000 # H1
   413   1  17 0.177422 1.747521000 8.340239000 16.794854000 # H1
   414   1  17 0.177422 -0.891444000 4.126561000 36.395501000 # H1
   415   1  17 0.177422 8.008921000 2.106839000 16.794854000 # H1
   416   1  24 0.106676 -0.330747000 4.880515000 13.151094000 # H2
   417   1  24 0.106676 -2.969712000 7.586284000 32.751741000 # H2
   418   1  24 0.106676 3.291688000 1.352884000 32.751741000 # H2
   419   1  23 0.109594 0.301590000 3.531433000 11.333839000 # H3
   420   1  23 0.109594 -2.337375000 8.935367000 30.934487000 # H3
   421   1  23 0.109594 3.924025000 2.701967000 30.934487000 # H3
   422   1  22 0.146409 2.228284000 3.853164000 10.252588000 # H4
   423   1  22 0.146409 -0.410681000 8.613636000 29.853236000 # H4
   424   1  22 0.146409 5.850719000 2.380236000 29.853236000 # H4
   425   1  21 0.125501 4.465193000 4.888070000 10.084337000 # H5
   426   1  21 0.125501 1.826229000 7.578729000 29.684985000 # H5
   427   1  21 0.125501 8.087629000 1.345330000 29.684985000 # H5
   428   1  20 0.105208 5.924815000 6.426760000 10.859582000 # H6
   429   1  20 0.105208 3.285850000 6.040040000 30.460229000 # H6
   430   1  19 0.106833 5.416332000 7.813342000 12.659784000 # H7
   431   1  19 0.106833 2.777367000 4.653458000 32.260431000 # H7
   432   1  18 0.107468 3.365287000 7.643744000 13.622253000 # H8
   433   1  18 0.107468 0.726323000 4.823056000 33.222901000 # H8
   434   1  18 0.107468 9.626688000 1.410344000 13.622253000 # H8
   435   1  25 0.004178 0.149769000 5.635953000 15.361302000 # H9
   436   1  25 0.004178 -2.489195000 6.830846000 34.961949000 # H9
   437   1  25 0.004178 3.772205000 0.597446000 34.961949000 # H9
   438   1  25 0.004178 -0.808179000 6.561376000 14.518278000 # H9
   439   1  25 0.004178 -3.447144000 5.905423000 34.118925000 # H9
   440   1  25 0.004178 5.453221000 0.327977000 14.518278000 # H9
   441   1  26 0.096549 -0.118539000 8.463536000 15.773307000 # H10
   442   1  26 0.096549 -2.757504000 4.003264000 35.373955000 # H10
   443   1  26 0.096549 6.142861000 2.230136000 15.773307000 # H10
   444   1  26 0.096549 -0.628987000 7.374885000 16.791365000 # H10
   445   1  26 0.096549 -3.267952000 5.091915000 36.392013000 # H10
   446   1  26 0.096549 5.632413000 1.141485000 16.791365000 # H10
   447   1  20 0.105208 6.281733000 12.892652000 27.817081000 # H6
   448   1  20 0.105208 8.920698000 -0.425853000 8.216434000 # H6
   449   1  25 0.004178 -0.352889000 -0.100507000 24.218677000 # H9
   450   1  25 0.004178 2.286076000 12.567307000 4.618029000 # H9
   451   1  26 0.096549 0.477037000 -0.050777000 21.996982000 # H10
   452   1  26 0.096549 3.116002000 12.517577000 2.396335000 # H10
   453   1  19 0.106833 -3.689496000 8.501796000 26.957281000 # H7
   454   1  19 0.106833 -1.050532000 3.965003000 7.356633000 # H7
   455   1  23 0.109594 11.185578000 8.832116000 11.953416000 # H3
   456   1  23 0.109594 8.546613000 3.634683000 31.554063000 # H3
   457   1  22 0.146409 11.322136000 7.071817000 10.603283000 # H4
   458   1  22 0.146409 8.683171000 5.394983000 30.203931000 # H4
   459   1  25 0.004178 6.411170000 -0.597446000 15.361302000 # H9
   460   1  22 0.146409 2.421771000 -0.838417000 30.203931000 # H4
   461   1  20 0.105208 9.547250000 -0.193360000 30.460229000 # H6
   462   1  19 0.106833 11.677732000 1.579942000 12.659784000 # H7
   463   1  18 0.107468 6.987723000 -1.410344000 33.222901000 # H8
   464   1  26 0.096549 -3.186772000 -1.280265000 35.072771000 # H10
   465   1  26 0.096549 -2.608269000 -2.142594000 36.253475000 # H10
   466   1  18 0.107468 1.073330000 -1.373380000 13.155406000 # H8
   467   1  21 0.125501 4.313111000 -1.366411000 9.922906000 # H5
   468   1  23 0.109594 2.285213000 -2.598717000 31.554063000 # H3
   469   1  24 0.106676 0.613639000 -2.732598000 33.286917000 # H2
   470   1  24 0.106676 5.930653000 -1.352884000 13.151094000 # H2
   471   1  25 0.004178 2.814256000 -0.327977000 34.118925000 # H9
   472   1  19 0.106833 9.038767000 -1.579942000 32.260431000 # H7
   473   1  20 0.105208 12.186215000 0.193360000 10.859582000 # H6
   474   1  25 0.004178 -1.424146000 -2.730366000 34.296468000 # H9
   475   1  25 0.004178 -0.414358000 -1.956203000 35.234398000 # H9
   476   1  19 0.106833 1.311213000 -3.225435000 11.800688000 # H7
   477   1  20 0.105208 3.031128000 -3.171429000 10.085396000 # H6
   478   1  23 0.109594 6.562990000 -2.701967000 11.333839000 # H3
   479   1  26 0.096549 3.503896000 -2.230136000 35.373955000 # H10
   480   1  26 0.096549 2.993449000 -1.141485000 36.392013000 # H10
   481   1  22 0.146409 8.489684000 -2.380236000 10.252588000 # H4
   482   1  21 0.125501 10.726594000 -1.345330000 10.084337000 # H5
   483   1  17 0.177422 1.162230000 -0.249635000 16.209069000 # H1
   484   1  17 0.177422 -0.118741000 -0.245047000 16.895601000 # H1
   485   1  17 0.177422 -1.618189000 -0.443169000 37.079486000 # H1
   486   1  17 0.177422 5.559991000 -0.773016000 35.850446000 # H1
   487   1  17 0.177422 4.968359000 -0.942515000 37.167061000 # H1
   488   1  17 0.177422 5.369957000 -2.106839000 36.395501000 # H1
